2123 400 3
0 4.987531e-04
0 0
-2.653928e-05 0
-5.705945e-05 0
-9.215764e-05 0
-1.325206e-04 0
-1.789379e-04 0
-2.323179e-04 0
-2.937049e-04 0
-3.642999e-04 0
-4.454841e-04 0
-5.388460e-04 0
-6.462122e-04 0
-7.696833e-04 0
-9.116751e-04 0
-1.074966e-03 0
-1.262750e-03 0
-1.478701e-03 0
-1.727046e-03 0
-2.012642e-03 0
-2.341078e-03 0
-2.718779e-03 0
-3.153135e-03 0
-3.652644e-03 0
-4.227080e-03 0
-4.887682e-03 0
-5.647373e-03 0
-6.521018e-03 0
-7.525710e-03 0
-8.681106e-03 0
-1.000981e-02 0
-1.153782e-02 0
-1.329503e-02 0
-1.531583e-02 0
-1.763974e-02 0
-2.031224e-02 0
-2.338562e-02 0
-2.692000e-02 0
-3.098454e-02 0
-3.565876e-02 0
-4.103412e-02 0
-4.721577e-02 0
-5.432468e-02 0
-6.249992e-02 0
-7.190145e-02 0
-8.271320e-02 0
-9.514672e-02 0
-1.094453e-01 0
-1.258886e-01 0
-1.447984e-01 0
-1.665447e-01 0
-1.915530e-01 0
-2.203125e-01 0
3.593241e-02 4.027590e-02
3.591922e-02 4.029893e-02
3.590405e-02 4.032541e-02
3.588660e-02 4.035586e-02
3.586654e-02 4.039089e-02
3.584346e-02 4.043116e-02
3.581693e-02 4.047748e-02
3.578641e-02 4.053075e-02
3.575132e-02 4.059200e-02
3.571097e-02 4.066244e-02
3.566456e-02 4.074345e-02
3.561118e-02 4.083662e-02
3.554981e-02 4.094375e-02
3.547923e-02 4.106696e-02
3.539805e-02 4.120864e-02
3.530471e-02 4.137158e-02
3.519736e-02 4.155896e-02
3.507391e-02 4.177445e-02
3.493194e-02 4.202226e-02
3.476868e-02 4.230725e-02
3.458093e-02 4.263498e-02
3.436501e-02 4.301187e-02
3.411671e-02 4.344529e-02
3.383116e-02 4.394373e-02
3.350278e-02 4.451693e-02
3.312514e-02 4.517611e-02
3.269086e-02 4.593417e-02
3.219144e-02 4.680594e-02
3.161710e-02 4.780847e-02
3.095661e-02 4.896139e-02
3.019705e-02 5.028724e-02
2.932355e-02 5.181197e-02
2.831903e-02 5.356540e-02
2.716382e-02 5.558186e-02
2.583534e-02 5.790078e-02
2.430759e-02 6.056754e-02
2.255068e-02 6.363432e-02
2.053022e-02 6.716111e-02
1.820670e-02 7.121692e-02
1.553465e-02 7.588110e-02
1.246180e-02 8.124490e-02
8.928012e-03 8.741328e-02
4.864160e-03 9.450692e-02
1.907294e-04 1.026646e-01
-5.183715e-03 1.120459e-01
-1.136433e-02 1.228345e-01
-1.847203e-02 1.352413e-01
-2.664589e-02 1.495091e-01
-3.604583e-02 1.659171e-01
-4.685576e-02 1.847863e-01
-5.928717e-02 2.064859e-01
-7.358330e-02 2.314405e-01
9.356968e-02 6.397487e-02
9.356135e-02 6.400007e-02
9.355178e-02 6.402905e-02
9.354077e-02 6.406237e-02
9.352810e-02 6.410070e-02
9.351354e-02 6.414477e-02
9.349679e-02 6.419546e-02
9.347753e-02 6.425375e-02
9.345538e-02 6.432078e-02
9.342991e-02 6.439786e-02
9.340062e-02 6.448651e-02
9.336693e-02 6.458845e-02
9.332820e-02 6.470569e-02
9.328365e-02 6.484051e-02
9.323242e-02 6.499556e-02
9.317350e-02 6.517386e-02
9.310575e-02 6.537891e-02
9.302783e-02 6.561471e-02
9.293822e-02 6.588589e-02
9.283518e-02 6.619774e-02
9.271668e-02 6.655637e-02
9.258040e-02 6.696880e-02
9.242368e-02 6.744308e-02
9.224346e-02 6.798851e-02
9.203620e-02 6.861576e-02
9.179785e-02 6.933709e-02
9.152375e-02 7.016663e-02
9.120853e-02 7.112059e-02
9.084603e-02 7.221764e-02
9.042915e-02 7.347926e-02
8.994975e-02 7.493012e-02
8.939843e-02 7.659860e-02
8.876442e-02 7.851736e-02
8.803530e-02 8.072394e-02
8.719682e-02 8.326150e-02
8.623256e-02 8.617969e-02
8.512367e-02 8.953561e-02
8.384844e-02 9.339492e-02
8.238193e-02 9.783313e-02
8.069544e-02 1.029371e-01
7.875598e-02 1.088066e-01
7.652560e-02 1.155566e-01
7.396066e-02 1.233190e-01
7.101098e-02 1.322458e-01
6.761885e-02 1.425117e-01
6.371790e-02 1.543174e-01
5.923180e-02 1.678940e-01
5.407279e-02 1.835070e-01
4.813993e-02 2.014620e-01
4.131714e-02 2.221103e-01
3.347094e-02 2.458558e-01
2.444780e-02 2.731632e-01
1.772691e-01 8.424166e-02
1.772643e-01 8.426776e-02
1.772588e-01 8.429778e-02
1.772524e-01 8.433230e-02
1.772451e-01 8.437200e-02
1.772367e-01 8.441765e-02
1.772271e-01 8.447015e-02
1.772160e-01 8.453053e-02
1.772033e-01 8.459996e-02
1.771886e-01 8.467981e-02
1.771717e-01 8.477163e-02
1.771523e-01 8.487723e-02
1.771300e-01 8.499867e-02
1.771044e-01 8.513833e-02
1.770749e-01 8.529893e-02
1.770409e-01 8.548363e-02
1.770019e-01 8.569603e-02
1.769571e-01 8.594028e-02
1.769055e-01 8.622118e-02
1.768461e-01 8.654421e-02
1.767779e-01 8.691570e-02
1.766994e-01 8.734291e-02
1.766092e-01 8.783420e-02
1.765054e-01 8.839918e-02
1.763861e-01 8.904891e-02
1.762488e-01 8.979610e-02
1.760910e-01 9.065537e-02
1.759095e-01 9.164353e-02
1.757007e-01 9.277992e-02
1.754607e-01 9.408676e-02
1.751847e-01 9.558963e-02
1.748672e-01 9.731793e-02
1.745021e-01 9.930547e-02
1.740823e-01 1.015911e-01
1.735995e-01 1.042197e-01
1.730442e-01 1.072425e-01
1.724057e-01 1.107187e-01
1.716714e-01 1.147164e-01
1.708270e-01 1.193137e-01
1.698558e-01 1.246006e-01
1.687391e-01 1.306805e-01
1.674548e-01 1.376725e-01
1.659778e-01 1.457132e-01
1.642794e-01 1.549600e-01
1.623261e-01 1.655939e-01
1.600799e-01 1.778228e-01
1.574967e-01 1.918861e-01
1.545260e-01 2.080588e-01
1.511098e-01 2.266575e-01
1.471811e-01 2.480460e-01
1.426631e-01 2.726427e-01
1.374674e-01 3.009290e-01
2.970034e-01 9.743219e-02
2.970020e-01 9.745870e-02
2.970005e-01 9.748918e-02
2.969987e-01 9.752423e-02
2.969966e-01 9.756454e-02
2.969942e-01 9.761089e-02
2.969915e-01 9.766420e-02
2.969883e-01 9.772551e-02
2.969847e-01 9.779601e-02
2.969806e-01 9.787709e-02
2.969758e-01 9.797033e-02
2.969703e-01 9.807755e-02
2.969639e-01 9.820086e-02
2.969567e-01 9.834267e-02
2.969483e-01 9.850574e-02
2.969387e-01 9.869328e-02
2.969276e-01 9.890895e-02
2.969149e-01 9.915697e-02
2.969002e-01 9.944219e-02
2.968834e-01 9.977019e-02
2.968640e-01 1.001474e-01
2.968418e-01 1.005812e-01
2.968162e-01 1.010800e-01
2.967867e-01 1.016537e-01
2.967529e-01 1.023134e-01
2.967139e-01 1.030721e-01
2.966691e-01 1.039446e-01
2.966176e-01 1.049480e-01
2.965584e-01 1.061019e-01
2.964903e-01 1.074288e-01
2.964120e-01 1.089548e-01
2.963219e-01 1.107097e-01
2.962183e-01 1.127279e-01
2.960992e-01 1.150487e-01
2.959622e-01 1.177177e-01
2.958047e-01 1.207871e-01
2.956235e-01 1.243168e-01
2.954152e-01 1.283760e-01
2.951756e-01 1.330441e-01
2.949000e-01 1.384124e-01
2.945832e-01 1.445859e-01
2.942188e-01 1.516855e-01
2.937997e-01 1.598499e-01
2.933178e-01 1.692391e-01
2.927636e-01 1.800367e-01
2.921263e-01 1.924538e-01
2.913934e-01 2.067336e-01
2.905505e-01 2.231553e-01
2.895812e-01 2.420403e-01
2.884666e-01 2.637580e-01
2.871847e-01 2.887334e-01
2.857105e-01 3.174550e-01
4.168790e-01 9.729847e-02
4.168802e-01 9.732499e-02
4.168816e-01 9.735547e-02
4.168833e-01 9.739053e-02
4.168851e-01 9.743085e-02
4.168873e-01 9.747722e-02
4.168898e-01 9.753054e-02
4.168926e-01 9.759186e-02
4.168959e-01 9.766238e-02
4.168996e-01 9.774348e-02
4.169039e-01 9.783674e-02
4.169089e-01 9.794399e-02
4.169146e-01 9.806733e-02
4.169212e-01 9.820917e-02
4.169288e-01 9.837229e-02
4.169374e-01 9.855987e-02
4.169474e-01 9.877559e-02
4.169589e-01 9.902367e-02
4.169722e-01 9.930896e-02
4.169874e-01 9.963704e-02
4.170048e-01 1.000143e-01
4.170250e-01 1.004482e-01
4.170481e-01 1.009472e-01
4.170747e-01 1.015210e-01
4.171052e-01 1.021809e-01
4.171404e-01 1.029398e-01
4.171809e-01 1.038125e-01
4.172274e-01 1.048161e-01
4.172808e-01 1.059703e-01
4.173423e-01 1.072976e-01
4.174131e-01 1.088239e-01
4.174944e-01 1.105793e-01
4.175880e-01 1.125979e-01
4.176955e-01 1.149193e-01
4.178192e-01 1.175889e-01
4.179615e-01 1.206590e-01
4.181251e-01 1.241896e-01
4.183133e-01 1.282498e-01
4.185296e-01 1.329190e-01
4.187785e-01 1.382886e-01
4.190646e-01 1.444636e-01
4.193937e-01 1.515649e-01
4.197721e-01 1.597314e-01
4.202073e-01 1.691228e-01
4.207078e-01 1.799230e-01
4.212833e-01 1.923432e-01
4.219452e-01 2.066264e-01
4.227064e-01 2.230521e-01
4.235817e-01 2.419417e-01
4.245883e-01 2.636647e-01
4.257459e-01 2.886461e-01
4.270772e-01 3.173748e-01
5.348324e-01 8.861949e-02
5.348351e-01 8.864589e-02
5.348382e-01 8.867626e-02
5.348417e-01 8.871118e-02
5.348458e-01 8.875133e-02
5.348504e-01 8.879752e-02
5.348558e-01 8.885063e-02
5.348620e-01 8.891170e-02
5.348691e-01 8.898194e-02
5.348772e-01 8.906271e-02
5.348866e-01 8.915560e-02
5.348974e-01 8.926242e-02
5.349099e-01 8.938527e-02
5.349241e-01 8.952654e-02
5.349406e-01 8.968900e-02
5.349594e-01 8.987583e-02
5.349812e-01 9.009069e-02
5.350061e-01 9.033777e-02
5.350349e-01 9.062192e-02
5.350679e-01 9.094869e-02
5.351059e-01 9.132448e-02
5.351496e-01 9.175663e-02
5.351998e-01 9.225361e-02
5.352576e-01 9.282513e-02
5.353240e-01 9.348238e-02
5.354004e-01 9.423822e-02
5.354883e-01 9.510744e-02
5.355894e-01 9.610703e-02
5.357056e-01 9.725657e-02
5.358392e-01 9.857854e-02
5.359929e-01 1.000988e-01
5.361696e-01 1.018471e-01
5.363729e-01 1.038576e-01
5.366066e-01 1.061698e-01
5.368754e-01 1.088287e-01
5.371845e-01 1.118865e-01
5.375400e-01 1.154030e-01
5.379488e-01 1.194469e-01
5.384190e-01 1.240974e-01
5.389596e-01 1.294455e-01
5.395814e-01 1.355958e-01
5.402964e-01 1.426687e-01
5.411186e-01 1.508025e-01
5.420642e-01 1.601563e-01
5.431516e-01 1.709133e-01
5.444022e-01 1.832837e-01
5.458403e-01 1.975098e-01
5.474942e-01 2.138697e-01
5.493961e-01 2.326837e-01
5.515833e-01 2.543197e-01
5.540986e-01 2.792011e-01
5.569912e-01 3.078148e-01
6.522798e-01 7.409232e-02
6.522837e-01 7.411857e-02
6.522882e-01 7.414876e-02
6.522934e-01 7.418348e-02
6.522993e-01 7.422340e-02
6.523061e-01 7.426932e-02
6.523139e-01 7.432212e-02
6.523229e-01 7.438284e-02
6.523333e-01 7.445267e-02
6.523452e-01 7.453298e-02
6.523589e-01 7.462533e-02
6.523747e-01 7.473153e-02
6.523928e-01 7.485366e-02
6.524137e-01 7.499411e-02
6.524377e-01 7.515563e-02
6.524652e-01 7.534138e-02
6.524969e-01 7.555499e-02
6.525334e-01 7.580065e-02
6.525753e-01 7.608315e-02
6.526236e-01 7.640802e-02
6.526790e-01 7.678163e-02
6.527428e-01 7.721128e-02
6.528161e-01 7.770538e-02
6.529005e-01 7.827359e-02
6.529975e-01 7.892703e-02
6.531090e-01 7.967848e-02
6.532373e-01 8.054266e-02
6.533848e-01 8.153646e-02
6.535545e-01 8.267934e-02
6.537496e-01 8.399364e-02
6.539739e-01 8.550509e-02
6.542319e-01 8.724326e-02
6.545286e-01 8.924215e-02
6.548699e-01 9.154088e-02
6.552623e-01 9.418441e-02
6.557135e-01 9.722448e-02
6.562325e-01 1.007206e-01
6.568293e-01 1.047410e-01
6.575156e-01 1.093646e-01
6.583049e-01 1.146817e-01
6.592125e-01 1.207964e-01
6.602563e-01 1.278282e-01
6.614567e-01 1.359148e-01
6.628371e-01 1.452145e-01
6.644246e-01 1.559091e-01
6.662502e-01 1.682078e-01
6.683497e-01 1.823514e-01
6.707640e-01 1.986165e-01
6.735406e-01 2.173214e-01
6.767336e-01 2.388320e-01
6.804055e-01 2.635692e-01
6.846283e-01 2.920170e-01
7.690555e-01 5.437866e-02
7.690605e-01 5.440473e-02
7.690662e-01 5.443469e-02
7.690729e-01 5.446916e-02
7.690805e-01 5.450879e-02
7.690893e-01 5.455437e-02
7.690994e-01 5.460679e-02
7.691110e-01 5.466707e-02
7.691243e-01 5.473639e-02
7.691397e-01 5.481611e-02
7.691574e-01 5.490779e-02
7.691777e-01 5.501322e-02
7.692010e-01 5.513446e-02
7.692279e-01 5.527389e-02
7.692587e-01 5.543423e-02
7.692942e-01 5.561863e-02
7.693351e-01 5.583069e-02
7.693820e-01 5.607455e-02
7.694361e-01 5.635499e-02
7.694982e-01 5.667750e-02
7.695696e-01 5.704839e-02
7.696517e-01 5.747491e-02
7.697462e-01 5.796540e-02
7.698548e-01 5.852947e-02
7.699797e-01 5.917816e-02
7.701234e-01 5.992414e-02
7.702886e-01 6.078202e-02
7.704786e-01 6.176859e-02
7.706971e-01 6.290313e-02
7.709484e-01 6.420786e-02
7.712373e-01 6.570831e-02
7.715696e-01 6.743381e-02
7.719518e-01 6.941814e-02
7.723912e-01 7.170013e-02
7.728966e-01 7.432441e-02
7.734778e-01 7.734233e-02
7.741462e-01 8.081294e-02
7.749148e-01 8.480414e-02
7.757988e-01 8.939402e-02
7.768153e-01 9.467239e-02
7.779843e-01 1.007425e-01
7.793286e-01 1.077231e-01
7.808746e-01 1.157509e-01
7.826525e-01 1.249828e-01
7.846971e-01 1.355994e-01
7.870483e-01 1.478086e-01
7.897523e-01 1.618492e-01
7.928618e-01 1.779958e-01
7.964378e-01 1.965644e-01
8.005501e-01 2.179184e-01
8.052794e-01 2.424754e-01
8.107180e-01 2.707159e-01
8.850170e-01 2.971837e-02
8.850231e-01 2.974420e-02
8.850301e-01 2.977389e-02
8.850382e-01 2.980805e-02
8.850475e-01 2.984732e-02
8.850582e-01 2.989249e-02
8.850705e-01 2.994443e-02
8.850847e-01 3.000416e-02
8.851010e-01 3.007286e-02
8.851197e-01 3.015185e-02
8.851412e-01 3.024270e-02
8.851660e-01 3.034717e-02
8.851944e-01 3.046732e-02
8.852272e-01 3.060548e-02
8.852648e-01 3.076437e-02
8.853081e-01 3.094710e-02
8.853579e-01 3.115723e-02
8.854152e-01 3.139889e-02
8.854810e-01 3.167679e-02
8.855567e-01 3.199637e-02
8.856438e-01 3.236390e-02
8.857440e-01 3.278655e-02
8.858591e-01 3.327260e-02
8.859916e-01 3.383156e-02
8.861439e-01 3.447436e-02
8.863191e-01 3.521359e-02
8.865205e-01 3.606369e-02
8.867521e-01 3.704131e-02
8.870185e-01 3.816558e-02
8.873249e-01 3.945848e-02
8.876772e-01 4.094533e-02
8.880824e-01 4.265519e-02
8.885483e-01 4.462154e-02
8.890841e-01 4.688284e-02
8.897003e-01 4.948333e-02
8.904089e-01 5.247390e-02
8.912238e-01 5.591306e-02
8.921610e-01 5.986808e-02
8.932387e-01 6.441636e-02
8.944781e-01 6.964689e-02
8.959033e-01 7.566199e-02
8.975424e-01 8.257935e-02
8.994274e-01 9.053433e-02
9.015950e-01 9.968254e-02
9.040879e-01 1.102030e-01
9.069546e-01 1.223015e-01
9.102514e-01 1.362148e-01
9.140427e-01 1.522151e-01
9.184027e-01 1.706154e-01
9.234166e-01 1.917758e-01
9.291827e-01 2.161103e-01
9.358137e-01 2.440949e-01
9.509273e-01 1.335703e-02
9.509340e-01 1.338269e-02
9.509418e-01 1.341221e-02
9.509508e-01 1.344614e-02
9.509611e-01 1.348517e-02
9.509729e-01 1.353006e-02
9.509865e-01 1.358167e-02
9.510022e-01 1.364103e-02
9.510201e-01 1.370929e-02
9.510408e-01 1.378779e-02
9.510647e-01 1.387807e-02
9.510920e-01 1.398189e-02
9.511235e-01 1.410128e-02
9.511597e-01 1.423858e-02
9.512013e-01 1.439647e-02
9.512492e-01 1.457805e-02
9.513043e-01 1.478687e-02
9.513676e-01 1.502700e-02
9.514404e-01 1.530316e-02
9.515241e-01 1.562074e-02
9.516204e-01 1.598596e-02
9.517312e-01 1.640596e-02
9.518585e-01 1.688897e-02
9.520050e-01 1.744442e-02
9.521734e-01 1.808319e-02
9.523671e-01 1.881777e-02
9.525898e-01 1.966255e-02
9.528460e-01 2.063404e-02
9.531406e-01 2.175125e-02
9.534793e-01 2.303604e-02
9.538689e-01 2.451356e-02
9.543169e-01 2.621270e-02
9.548321e-01 2.816671e-02
9.554246e-01 3.041383e-02
9.561060e-01 3.299801e-02
9.568896e-01 3.596981e-02
9.577907e-01 3.938739e-02
9.588270e-01 4.331761e-02
9.600187e-01 4.783736e-02
9.613892e-01 5.303507e-02
9.629653e-01 5.901244e-02
9.647777e-01 6.588641e-02
9.668620e-01 7.379148e-02
9.692590e-01 8.288231e-02
9.720156e-01 9.333677e-02
9.751856e-01 1.053594e-01
9.788311e-01 1.191854e-01
9.830234e-01 1.350853e-01
9.878446e-01 1.533702e-01
9.933890e-01 1.743979e-01
9.997650e-01 1.985797e-01
1.007097e+00 2.263887e-01
1 0
1.000007e+00 2.552464e-05
1.000016e+00 5.487798e-05
1.000025e+00 8.863431e-05
1.000036e+00 1.274541e-04
1.000049e+00 1.720969e-04
1.000064e+00 2.234360e-04
1.000080e+00 2.824761e-04
1.000100e+00 3.503721e-04
1.000122e+00 4.284526e-04
1.000148e+00 5.182451e-04
1.000177e+00 6.215065e-04
1.000211e+00 7.402571e-04
1.000250e+00 8.768203e-04
1.000294e+00 1.033868e-03
1.000346e+00 1.214473e-03
1.000405e+00 1.422168e-03
1.000473e+00 1.661018e-03
1.000551e+00 1.935696e-03
1.000641e+00 2.251575e-03
1.000745e+00 2.614836e-03
1.000864e+00 3.032586e-03
1.001000e+00 3.512998e-03
1.001158e+00 4.065472e-03
1.001339e+00 4.700818e-03
1.001547e+00 5.431465e-03
1.001786e+00 6.271710e-03
1.002061e+00 7.237991e-03
1.002377e+00 8.349214e-03
1.002741e+00 9.627121e-03
1.003160e+00 1.109671e-02
1.003641e+00 1.278675e-02
1.004194e+00 1.473028e-02
1.004831e+00 1.696535e-02
1.005563e+00 1.953568e-02
1.006404e+00 2.249155e-02
1.007372e+00 2.589081e-02
1.008486e+00 2.979995e-02
1.009766e+00 3.429547e-02
1.011238e+00 3.946532e-02
1.012931e+00 4.541064e-02
1.014878e+00 5.224776e-02
1.017116e+00 6.011045e-02
1.019691e+00 6.915254e-02
1.022652e+00 7.955095e-02
1.026057e+00 9.150911e-02
1.029973e+00 1.052610e-01
1.034476e+00 1.210757e-01
1.039655e+00 1.392626e-01
1.045611e+00 1.601775e-01
1.052459e+00 1.842296e-01
1.060336e+00 2.118896e-01
4.752789e-02 -2.445454e-02
4.752361e-02 -2.448073e-02
4.751869e-02 -2.451085e-02
4.751303e-02 -2.454549e-02
4.750652e-02 -2.458533e-02
4.749904e-02 -2.463114e-02
4.749043e-02 -2.468382e-02
4.748053e-02 -2.474440e-02
4.746914e-02 -2.481407e-02
4.745605e-02 -2.489419e-02
4.744100e-02 -2.498633e-02
4.742368e-02 -2.509229e-02
4.740377e-02 -2.521415e-02
4.738087e-02 -2.535428e-02
4.735454e-02 -2.551544e-02
4.732425e-02 -2.570076e-02
4.728943e-02 -2.591389e-02
4.724938e-02 -2.615898e-02
4.720332e-02 -2.644084e-02
4.715035e-02 -2.676497e-02
4.708944e-02 -2.713773e-02
4.701940e-02 -2.756640e-02
4.693884e-02 -2.805937e-02
4.684620e-02 -2.862629e-02
4.673967e-02 -2.927825e-02
4.661716e-02 -3.002799e-02
4.647626e-02 -3.089020e-02
4.631424e-02 -3.188174e-02
4.612791e-02 -3.302202e-02
4.591363e-02 -3.433333e-02
4.566722e-02 -3.584134e-02
4.538383e-02 -3.757555e-02
4.505794e-02 -3.956990e-02
4.468317e-02 -4.186339e-02
4.425218e-02 -4.450091e-02
4.375655e-02 -4.753406e-02
4.318657e-02 -5.102218e-02
4.253109e-02 -5.503352e-02
4.177729e-02 -5.964655e-02
4.091041e-02 -6.495155e-02
3.991351e-02 -7.105229e-02
3.876708e-02 -7.806815e-02
3.744867e-02 -8.613638e-02
3.593251e-02 -9.541485e-02
3.418892e-02 -1.060851e-01
3.218380e-02 -1.183559e-01
2.987790e-02 -1.324672e-01
2.722612e-02 -1.486953e-01
2.417658e-02 -1.673577e-01
2.066960e-02 -1.888193e-01
1.663657e-02 -2.135002e-01
1.199860e-02 -2.418833e-01
1.074649e-01 -2.881982e-02
1.074644e-01 -2.884635e-02
1.074638e-01 -2.887687e-02
1.074631e-01 -2.891196e-02
1.074623e-01 -2.895231e-02
1.074614e-01 -2.899872e-02
1.074603e-01 -2.905209e-02
1.074591e-01 -2.911347e-02
1.074577e-01 -2.918405e-02
1.074561e-01 -2.926522e-02
1.074543e-01 -2.935856e-02
1.074522e-01 -2.946591e-02
1.074498e-01 -2.958935e-02
1.074470e-01 -2.973132e-02
1.074438e-01 -2.989458e-02
1.074401e-01 -3.008233e-02
1.074358e-01 -3.029824e-02
1.074309e-01 -3.054653e-02
1.074253e-01 -3.083207e-02
1.074189e-01 -3.116045e-02
1.074115e-01 -3.153807e-02
1.074029e-01 -3.197235e-02
1.073931e-01 -3.247176e-02
1.073818e-01 -3.304608e-02
1.073688e-01 -3.370656e-02
1.073539e-01 -3.446610e-02
1.073367e-01 -3.533958e-02
1.073170e-01 -3.634408e-02
1.072943e-01 -3.749925e-02
1.072682e-01 -3.882770e-02
1.072382e-01 -4.035541e-02
1.072036e-01 -4.211229e-02
1.071639e-01 -4.413269e-02
1.071183e-01 -4.645616e-02
1.070657e-01 -4.912814e-02
1.070053e-01 -5.220092e-02
1.069359e-01 -5.573462e-02
1.068560e-01 -5.979838e-02
1.067642e-01 -6.447170e-02
1.066585e-01 -6.984601e-02
1.065371e-01 -7.602648e-02
1.063974e-01 -8.313401e-02
1.062367e-01 -9.130767e-02
1.060520e-01 -1.007074e-01
1.058395e-01 -1.115171e-01
1.055952e-01 -1.239482e-01
1.053142e-01 -1.382440e-01
1.049911e-01 -1.546841e-01
1.046195e-01 -1.735903e-01
1.041922e-01 -1.953324e-01
1.037008e-01 -2.203358e-01
1.031357e-01 -2.490897e-01
1.893976e-01 -2.771388e-02
1.893985e-01 -2.774040e-02
1.893996e-01 -2.777090e-02
1.894008e-01 -2.780598e-02
1.894022e-01 -2.784632e-02
1.894039e-01 -2.789271e-02
1.894057e-01 -2.794605e-02
1.894079e-01 -2.800740e-02
1.894103e-01 -2.807795e-02
1.894132e-01 -2.815909e-02
1.894165e-01 -2.825239e-02
1.894202e-01 -2.835969e-02
1.894245e-01 -2.848309e-02
1.894295e-01 -2.862499e-02
1.894352e-01 -2.878818e-02
1.894418e-01 -2.897585e-02
1.894493e-01 -2.919167e-02
1.894580e-01 -2.943987e-02
1.894680e-01 -2.972529e-02
1.894795e-01 -3.005352e-02
1.894928e-01 -3.043099e-02
1.895080e-01 -3.086508e-02
1.895254e-01 -3.136428e-02
1.895455e-01 -3.193837e-02
1.895687e-01 -3.259856e-02
1.895953e-01 -3.335779e-02
1.896258e-01 -3.423090e-02
1.896610e-01 -3.523498e-02
1.897014e-01 -3.638966e-02
1.897480e-01 -3.771756e-02
1.898014e-01 -3.924463e-02
1.898629e-01 -4.100077e-02
1.899337e-01 -4.302032e-02
1.900150e-01 -4.534281e-02
1.901086e-01 -4.801367e-02
1.902161e-01 -5.108517e-02
1.903398e-01 -5.461738e-02
1.904821e-01 -5.867943e-02
1.906457e-01 -6.335079e-02
1.908339e-01 -6.872285e-02
1.910502e-01 -7.490072e-02
1.912991e-01 -8.200527e-02
1.915852e-01 -9.017550e-02
1.919143e-01 -9.957126e-02
1.922927e-01 -1.103764e-01
1.927279e-01 -1.228023e-01
1.932284e-01 -1.370921e-01
1.938039e-01 -1.535253e-01
1.944658e-01 -1.724236e-01
1.952270e-01 -1.941566e-01
1.961023e-01 -2.191495e-01
1.971090e-01 -2.478913e-01
3.029966e-01 -2.243219e-02
3.029979e-01 -2.245870e-02
3.029994e-01 -2.248918e-02
3.030011e-01 -2.252424e-02
3.030031e-01 -2.256456e-02
3.030053e-01 -2.261092e-02
3.030079e-01 -2.266423e-02
3.030109e-01 -2.272555e-02
3.030144e-01 -2.279606e-02
3.030183e-01 -2.287715e-02
3.030229e-01 -2.297040e-02
3.030281e-01 -2.307764e-02
3.030341e-01 -2.320096e-02
3.030410e-01 -2.334279e-02
3.030490e-01 -2.350588e-02
3.030581e-01 -2.369344e-02
3.030686e-01 -2.390914e-02
3.030807e-01 -2.415719e-02
3.030946e-01 -2.444245e-02
3.031106e-01 -2.477049e-02
3.031290e-01 -2.514774e-02
3.031502e-01 -2.558159e-02
3.031745e-01 -2.608050e-02
3.032025e-01 -2.665426e-02
3.032346e-01 -2.731407e-02
3.032716e-01 -2.807286e-02
3.033142e-01 -2.894547e-02
3.033631e-01 -2.994897e-02
3.034194e-01 -3.110300e-02
3.034841e-01 -3.243013e-02
3.035585e-01 -3.395632e-02
3.036441e-01 -3.571145e-02
3.037425e-01 -3.772985e-02
3.038557e-01 -4.005100e-02
3.039858e-01 -4.272033e-02
3.041355e-01 -4.579006e-02
3.043076e-01 -4.932025e-02
3.045055e-01 -5.337997e-02
3.047332e-01 -5.804864e-02
3.049950e-01 -6.341762e-02
3.052960e-01 -6.959194e-02
3.056422e-01 -7.669241e-02
3.060403e-01 -8.485795e-02
3.064982e-01 -9.424832e-02
3.070247e-01 -1.050473e-01
3.076302e-01 -1.174660e-01
3.083266e-01 -1.317476e-01
3.091274e-01 -1.481714e-01
3.100483e-01 -1.670588e-01
3.111073e-01 -1.887793e-01
3.123252e-01 -2.137579e-01
3.137258e-01 -2.424832e-01
4.164543e-01 -1.736020e-02
4.164554e-01 -1.738672e-02
4.164566e-01 -1.741722e-02
4.164579e-01 -1.745229e-02
4.164595e-01 -1.749262e-02
4.164613e-01 -1.753901e-02
4.164634e-01 -1.759235e-02
4.164658e-01 -1.765369e-02
4.164685e-01 -1.772423e-02
4.164717e-01 -1.780535e-02
4.164753e-01 -1.789864e-02
4.164795e-01 -1.800593e-02
4.164843e-01 -1.812930e-02
4.164898e-01 -1.827119e-02
4.164961e-01 -1.843436e-02
4.165034e-01 -1.862200e-02
4.165118e-01 -1.883779e-02
4.165215e-01 -1.908594e-02
4.165326e-01 -1.937132e-02
4.165454e-01 -1.969951e-02
4.165601e-01 -2.007693e-02
4.165770e-01 -2.051095e-02
4.165964e-01 -2.101008e-02
4.166187e-01 -2.158409e-02
4.166444e-01 -2.224419e-02
4.166740e-01 -2.300330e-02
4.167079e-01 -2.387629e-02
4.167470e-01 -2.488022e-02
4.167919e-01 -2.603474e-02
4.168436e-01 -2.736244e-02
4.169030e-01 -2.888930e-02
4.169714e-01 -3.064518e-02
4.170500e-01 -3.266445e-02
4.171403e-01 -3.498660e-02
4.172443e-01 -3.765708e-02
4.173638e-01 -4.072813e-02
4.175012e-01 -4.425984e-02
4.176593e-01 -4.832131e-02
4.178411e-01 -5.299199e-02
4.180501e-01 -5.836328e-02
4.182905e-01 -6.454026e-02
4.185670e-01 -7.164379e-02
4.188849e-01 -7.981284e-02
4.192505e-01 -8.920726e-02
4.196710e-01 -1.000108e-01
4.201545e-01 -1.124349e-01
4.207106e-01 -1.267227e-01
4.213500e-01 -1.431536e-01
4.220854e-01 -1.620491e-01
4.229311e-01 -1.837789e-01
4.239037e-01 -2.087683e-01
4.250221e-01 -2.375060e-01
5.318342e-01 -1.257010e-02
5.318353e-01 -1.259662e-02
5.318366e-01 -1.262711e-02
5.318381e-01 -1.266218e-02
5.318397e-01 -1.270251e-02
5.318417e-01 -1.274889e-02
5.318439e-01 -1.280222e-02
5.318464e-01 -1.286356e-02
5.318493e-01 -1.293409e-02
5.318527e-01 -1.301520e-02
5.318566e-01 -1.310849e-02
5.318610e-01 -1.321576e-02
5.318662e-01 -1.333912e-02
5.318720e-01 -1.348099e-02
5.318788e-01 -1.364414e-02
5.318866e-01 -1.383177e-02
5.318956e-01 -1.404753e-02
5.319059e-01 -1.429566e-02
5.319177e-01 -1.458101e-02
5.319313e-01 -1.490917e-02
5.319470e-01 -1.528654e-02
5.319650e-01 -1.572052e-02
5.319857e-01 -1.621960e-02
5.320096e-01 -1.679355e-02
5.320370e-01 -1.745358e-02
5.320685e-01 -1.821262e-02
5.321047e-01 -1.908551e-02
5.321464e-01 -2.008934e-02
5.321943e-01 -2.124374e-02
5.322494e-01 -2.257130e-02
5.323128e-01 -2.409800e-02
5.323857e-01 -2.585370e-02
5.324695e-01 -2.787275e-02
5.325659e-01 -3.019467e-02
5.326767e-01 -3.286487e-02
5.328042e-01 -3.593560e-02
5.329508e-01 -3.946694e-02
5.331194e-01 -4.352798e-02
5.333133e-01 -4.819818e-02
5.335362e-01 -5.356891e-02
5.337927e-01 -5.974524e-02
5.340875e-01 -6.684803e-02
5.344266e-01 -7.501623e-02
5.348166e-01 -8.440967e-02
5.352650e-01 -9.521212e-02
5.357807e-01 -1.076349e-01
5.363738e-01 -1.219212e-01
5.370559e-01 -1.383504e-01
5.378402e-01 -1.572439e-01
5.387422e-01 -1.789715e-01
5.397795e-01 -2.039582e-01
5.409724e-01 -2.326930e-01
6.477202e-01 -7.981208e-03
6.477211e-01 -8.007730e-03
6.477222e-01 -8.038230e-03
6.477235e-01 -8.073306e-03
6.477250e-01 -8.113642e-03
6.477267e-01 -8.160029e-03
6.477286e-01 -8.213374e-03
6.477308e-01 -8.274720e-03
6.477334e-01 -8.345269e-03
6.477363e-01 -8.426400e-03
6.477397e-01 -8.519700e-03
6.477436e-01 -8.626996e-03
6.477481e-01 -8.750386e-03
6.477532e-01 -8.892285e-03
6.477591e-01 -9.055468e-03
6.477659e-01 -9.243129e-03
6.477738e-01 -9.458938e-03
6.477828e-01 -9.707120e-03
6.477931e-01 -9.992528e-03
6.478050e-01 -1.032075e-02
6.478187e-01 -1.069820e-02
6.478345e-01 -1.113227e-02
6.478526e-01 -1.163145e-02
6.478734e-01 -1.220551e-02
6.478973e-01 -1.286568e-02
6.479249e-01 -1.362487e-02
6.479565e-01 -1.449794e-02
6.479929e-01 -1.550197e-02
6.480348e-01 -1.665661e-02
6.480830e-01 -1.798444e-02
6.481384e-01 -1.951145e-02
6.482020e-01 -2.126751e-02
6.482753e-01 -2.328698e-02
6.483595e-01 -2.560936e-02
6.484564e-01 -2.828011e-02
6.485678e-01 -3.135146e-02
6.486959e-01 -3.488352e-02
6.488432e-01 -3.894539e-02
6.490126e-01 -4.361654e-02
6.492074e-01 -4.898836e-02
6.494315e-01 -5.516596e-02
6.496891e-01 -6.227019e-02
6.499854e-01 -7.044006e-02
6.503262e-01 -7.983541e-02
6.507180e-01 -9.064007e-02
6.511686e-01 -1.030654e-01
6.516869e-01 -1.173546e-01
6.522828e-01 -1.337871e-01
6.529682e-01 -1.526845e-01
6.537564e-01 -1.744165e-01
6.546628e-01 -1.994083e-01
6.557051e-01 -2.281489e-01
7.642779e-01 -4.255208e-03
7.642786e-01 -4.281737e-03
7.642794e-01 -4.312246e-03
7.642804e-01 -4.347331e-03
7.642815e-01 -4.387679e-03
7.642828e-01 -4.434079e-03
7.642842e-01 -4.487439e-03
7.642859e-01 -4.548803e-03
7.642878e-01 -4.619372e-03
7.642900e-01 -4.700526e-03
7.642926e-01 -4.793853e-03
7.642955e-01 -4.901180e-03
7.642989e-01 -5.024605e-03
7.643028e-01 -5.166544e-03
7.643072e-01 -5.329773e-03
7.643123e-01 -5.517488e-03
7.643182e-01 -5.733359e-03
7.643250e-01 -5.981611e-03
7.643328e-01 -6.267101e-03
7.643418e-01 -6.595414e-03
7.643521e-01 -6.972974e-03
7.643639e-01 -7.407169e-03
7.643775e-01 -7.906492e-03
7.643932e-01 -8.480714e-03
7.644112e-01 -9.141070e-03
7.644320e-01 -9.900478e-03
7.644558e-01 -1.077380e-02
7.644832e-01 -1.177812e-02
7.645148e-01 -1.293308e-02
7.645510e-01 -1.426129e-02
7.645927e-01 -1.578873e-02
7.646406e-01 -1.754529e-02
7.646958e-01 -1.956533e-02
7.647592e-01 -2.188838e-02
7.648321e-01 -2.455989e-02
7.649160e-01 -2.763212e-02
7.650124e-01 -3.116519e-02
7.651233e-01 -3.522821e-02
7.652509e-01 -3.990069e-02
7.653975e-01 -4.527405e-02
7.655662e-01 -5.145340e-02
7.657602e-01 -5.855966e-02
7.659832e-01 -6.673186e-02
7.662398e-01 -7.612988e-02
7.665348e-01 -8.693761e-02
7.668740e-01 -9.936650e-02
7.672642e-01 -1.136597e-01
7.677128e-01 -1.300969e-01
7.682288e-01 -1.489997e-01
7.688222e-01 -1.707379e-01
7.695046e-01 -1.957369e-01
7.702893e-01 -2.244856e-01
8.816497e-01 -1.631953e-03
8.816502e-01 -1.658488e-03
8.816507e-01 -1.689003e-03
8.816513e-01 -1.724096e-03
8.816521e-01 -1.764452e-03
8.816529e-01 -1.810862e-03
8.816539e-01 -1.864234e-03
8.816549e-01 -1.925611e-03
8.816562e-01 -1.996195e-03
8.816577e-01 -2.077366e-03
8.816593e-01 -2.170713e-03
8.816612e-01 -2.278062e-03
8.816634e-01 -2.401514e-03
8.816660e-01 -2.543483e-03
8.816689e-01 -2.706747e-03
8.816722e-01 -2.894502e-03
8.816761e-01 -3.110419e-03
8.816805e-01 -3.358724e-03
8.816856e-01 -3.644275e-03
8.816915e-01 -3.972658e-03
8.816982e-01 -4.350299e-03
8.817060e-01 -4.784586e-03
8.817149e-01 -5.284016e-03
8.817251e-01 -5.858360e-03
8.817369e-01 -6.518856e-03
8.817505e-01 -7.278427e-03
8.817661e-01 -8.151933e-03
8.817840e-01 -9.156465e-03
8.818046e-01 -1.031168e-02
8.818283e-01 -1.164017e-02
8.818556e-01 -1.316794e-02
8.818869e-01 -1.492487e-02
8.819230e-01 -1.694534e-02
8.819645e-01 -1.926889e-02
8.820122e-01 -2.194096e-02
8.820670e-01 -2.501385e-02
8.821301e-01 -2.854767e-02
8.822026e-01 -3.261156e-02
8.822860e-01 -3.728504e-02
8.823819e-01 -4.265954e-02
8.824922e-01 -4.884021e-02
8.826191e-01 -5.594798e-02
8.827650e-01 -6.412192e-02
8.829327e-01 -7.352195e-02
8.831257e-01 -8.433198e-02
8.833475e-01 -9.676352e-02
8.836027e-01 -1.110598e-01
8.838961e-01 -1.275005e-01
8.842335e-01 -1.464073e-01
8.846216e-01 -1.681502e-01
8.850678e-01 -1.931544e-01
8.855810e-01 -2.219093e-01
9.492215e-01 -5.974375e-04
9.492218e-01 -6.239744e-04
9.492223e-01 -6.544919e-04
9.492227e-01 -6.895869e-04
9.492233e-01 -7.299463e-04
9.492239e-01 -7.763595e-04
9.492246e-01 -8.297348e-04
9.492254e-01 -8.911163e-04
9.492263e-01 -9.617050e-04
9.492274e-01 -1.042882e-03
9.492287e-01 -1.136236e-03
9.492301e-01 -1.243592e-03
9.492317e-01 -1.367052e-03
9.492336e-01 -1.509032e-03
9.492358e-01 -1.672308e-03
9.492383e-01 -1.860075e-03
9.492412e-01 -2.076008e-03
9.492445e-01 -2.324330e-03
9.492483e-01 -2.609901e-03
9.492527e-01 -2.938307e-03
9.492577e-01 -3.315975e-03
9.492635e-01 -3.750292e-03
9.492702e-01 -4.249758e-03
9.492778e-01 -4.824142e-03
9.492866e-01 -5.484685e-03
9.492967e-01 -6.244309e-03
9.493084e-01 -7.117877e-03
9.493218e-01 -8.122480e-03
9.493372e-01 -9.277773e-03
9.493549e-01 -1.060636e-02
9.493752e-01 -1.213424e-02
9.493986e-01 -1.389129e-02
9.494256e-01 -1.591191e-02
9.494565e-01 -1.823561e-02
9.494922e-01 -2.090788e-02
9.495331e-01 -2.398098e-02
9.495802e-01 -2.751505e-02
9.496344e-01 -3.157923e-02
9.496966e-01 -3.625303e-02
9.497683e-01 -4.162791e-02
9.498506e-01 -4.780902e-02
9.499454e-01 -5.491729e-02
9.500543e-01 -6.309181e-02
9.501796e-01 -7.249250e-02
9.503237e-01 -8.330330e-02
9.504893e-01 -9.573571e-02
9.506799e-01 -1.100330e-01
9.508990e-01 -1.264749e-01
9.511509e-01 -1.453830e-01
9.514407e-01 -1.671274e-01
9.517740e-01 -1.921334e-01
9.521572e-01 -2.208903e-01
1 0
1.000000e+00 -2.653775e-05
1.000001e+00 -5.705616e-05
1.000001e+00 -9.215233e-05
1.000001e+00 -1.325129e-04
1.000002e+00 -1.789276e-04
1.000002e+00 -2.323045e-04
1.000003e+00 -2.936879e-04
1.000004e+00 -3.642789e-04
1.000005e+00 -4.454584e-04
1.000006e+00 -5.388149e-04
1.000007e+00 -6.461749e-04
1.000008e+00 -7.696389e-04
1.000010e+00 -9.116225e-04
1.000012e+00 -1.074904e-03
1.000014e+00 -1.262677e-03
1.000016e+00 -1.478616e-03
1.000019e+00 -1.726946e-03
1.000022e+00 -2.012526e-03
1.000025e+00 -2.340943e-03
1.000029e+00 -2.718622e-03
1.000034e+00 -3.152953e-03
1.000039e+00 -3.652434e-03
1.000045e+00 -4.226836e-03
1.000053e+00 -4.887400e-03
1.000061e+00 -5.647047e-03
1.000070e+00 -6.520642e-03
1.000081e+00 -7.525276e-03
1.000093e+00 -8.680605e-03
1.000108e+00 -1.000923e-02
1.000124e+00 -1.153716e-02
1.000143e+00 -1.329427e-02
1.000165e+00 -1.531495e-02
1.000189e+00 -1.763873e-02
1.000218e+00 -2.031107e-02
1.000251e+00 -2.338427e-02
1.000289e+00 -2.691845e-02
1.000333e+00 -3.098275e-02
1.000383e+00 -3.565671e-02
1.000441e+00 -4.103175e-02
1.000507e+00 -4.721305e-02
1.000584e+00 -5.432154e-02
1.000671e+00 -6.249631e-02
1.000772e+00 -7.189730e-02
1.000888e+00 -8.270843e-02
1.001022e+00 -9.514123e-02
1.001176e+00 -1.094390e-01
1.001352e+00 -1.258813e-01
1.001555e+00 -1.447901e-01
1.001789e+00 -1.665351e-01
1.002058e+00 -1.915419e-01
1.002366e+00 -2.202998e-01
1.100000e+00 5.240778e-03
1.100000e+00 5.267317e-03
1.100000e+00 5.297837e-03
1.100000e+00 5.332936e-03
1.100000e+00 5.373298e-03
1.100000e+00 5.419716e-03
1.100000e+00 5.473096e-03
1.100000e+00 5.534483e-03
1.100000e+00 5.605078e-03
1.100000e+00 5.686262e-03
1.100000e+00 5.779624e-03
1.100000e+00 5.886990e-03
1.100000e+00 6.010461e-03
1.100000e+00 6.152453e-03
1.100000e+00 6.315744e-03
1.100000e+00 6.503528e-03
1.100000e+00 6.719479e-03
1.100000e+00 6.967824e-03
1.100000e+00 7.253420e-03
1.100000e+00 7.581856e-03
1.100000e+00 7.959557e-03
1.100000e+00 8.393913e-03
1.100000e+00 8.893422e-03
1.100000e+00 9.467858e-03
1.100000e+00 1.012846e-02
1.100000e+00 1.088815e-02
1.100000e+00 1.176180e-02
1.100000e+00 1.276649e-02
1.100000e+00 1.392188e-02
1.100000e+00 1.525059e-02
1.100000e+00 1.677860e-02
1.100000e+00 1.853581e-02
1.100000e+00 2.055661e-02
1.100000e+00 2.288052e-02
1.100000e+00 2.555302e-02
1.100000e+00 2.862640e-02
1.100000e+00 3.216078e-02
1.100000e+00 3.622532e-02
1.100000e+00 4.089954e-02
1.100000e+00 4.627489e-02
1.100000e+00 5.245655e-02
1.100000e+00 5.956546e-02
1.100000e+00 6.774070e-02
1.100000e+00 7.714222e-02
1.100000e+00 8.795398e-02
1.100000e+00 1.003875e-01
1.100000e+00 1.146860e-01
1.100000e+00 1.311294e-01
1.100000e+00 1.500392e-01
1.100000e+00 1.717855e-01
1.100000e+00 1.967938e-01
1.100000e+00 2.255532e-01
1.100000e+00 5.214239e-03
1.100000e+00 5.183718e-03
1.100000e+00 5.148620e-03
1.100000e+00 5.108257e-03
1.100000e+00 5.061840e-03
1.100000e+00 5.008460e-03
1.100000e+00 4.947073e-03
1.100000e+00 4.876478e-03
1.100000e+00 4.795294e-03
1.100000e+00 4.701932e-03
1.100000e+00 4.594566e-03
1.100000e+00 4.471095e-03
1.100000e+00 4.329103e-03
1.100000e+00 4.165812e-03
1.100000e+00 3.978028e-03
1.100000e+00 3.762076e-03
1.100000e+00 3.513732e-03
1.100000e+00 3.228136e-03
1.100000e+00 2.899700e-03
1.100000e+00 2.521999e-03
1.100000e+00 2.087643e-03
1.100000e+00 1.588134e-03
1.100000e+00 1.013698e-03
1.100000e+00 3.530964e-04
1.100000e+00 -4.065951e-04
1.100000e+00 -1.280240e-03
1.100000e+00 -2.284932e-03
1.100000e+00 -3.440328e-03
1.100000e+00 -4.769033e-03
1.100000e+00 -6.297044e-03
1.100000e+00 -8.054257e-03
1.100000e+00 -1.007505e-02
1.100000e+00 -1.239897e-02
1.100000e+00 -1.507147e-02
1.100000e+00 -1.814484e-02
1.100000e+00 -2.167922e-02
1.100000e+00 -2.574376e-02
1.100000e+00 -3.041798e-02
1.100000e+00 -3.579334e-02
1.100000e+00 -4.197499e-02
1.100000e+00 -4.908390e-02
1.100000e+00 -5.725914e-02
1.100000e+00 -6.666067e-02
1.100000e+00 -7.747242e-02
1.100000e+00 -8.990594e-02
1.100000e+00 -1.042045e-01
1.100000e+00 -1.206478e-01
1.100000e+00 -1.395576e-01
1.100000e+00 -1.613040e-01
1.100000e+00 -1.863122e-01
1.100000e+00 -2.150717e-01
1.544000e+00 2.850983e-02
1.544000e+00 2.853637e-02
1.544000e+00 2.856689e-02
1.544000e+00 2.860199e-02
1.544000e+00 2.864235e-02
1.544000e+00 2.868877e-02
1.544000e+00 2.874215e-02
1.544000e+00 2.880354e-02
1.544000e+00 2.887413e-02
1.544000e+00 2.895532e-02
1.544000e+00 2.904868e-02
1.544000e+00 2.915604e-02
1.544000e+00 2.927952e-02
1.544000e+00 2.942151e-02
1.544000e+00 2.958480e-02
1.544000e+00 2.977258e-02
1.544000e+00 2.998853e-02
1.544000e+00 3.023688e-02
1.544000e+00 3.052247e-02
1.544000e+00 3.085091e-02
1.544000e+00 3.122861e-02
1.544000e+00 3.166297e-02
1.544000e+00 3.216248e-02
1.544000e+00 3.273691e-02
1.544000e+00 3.339751e-02
1.544000e+00 3.415721e-02
1.544000e+00 3.503085e-02
1.544000e+00 3.603554e-02
1.544000e+00 3.719094e-02
1.544000e+00 3.851964e-02
1.544000e+00 4.004765e-02
1.544000e+00 4.180487e-02
1.544000e+00 4.382566e-02
1.544000e+00 4.614958e-02
1.544000e+00 4.882208e-02
1.544000e+00 5.189545e-02
1.544000e+00 5.542983e-02
1.544000e+00 5.949437e-02
1.544000e+00 6.416859e-02
1.544000e+00 6.954395e-02
1.544000e+00 7.572560e-02
1.544000e+00 8.283451e-02
1.544000e+00 9.100975e-02
1.544000e+00 1.004113e-01
1.544000e+00 1.112230e-01
1.544000e+00 1.236566e-01
1.544000e+00 1.379551e-01
1.544000e+00 1.543984e-01
1.544000e+00 1.733083e-01
1.544000e+00 1.950546e-01
1.544000e+00 2.200628e-01
1.544000e+00 2.488223e-01
1.544000e+00 2.848329e-02
1.544000e+00 2.845277e-02
1.544000e+00 2.841767e-02
1.544000e+00 2.837731e-02
1.544000e+00 2.833089e-02
1.544000e+00 2.827751e-02
1.544000e+00 2.821613e-02
1.544000e+00 2.814553e-02
1.544000e+00 2.806435e-02
1.544000e+00 2.797099e-02
1.544000e+00 2.786362e-02
1.544000e+00 2.774015e-02
1.544000e+00 2.759816e-02
1.544000e+00 2.743487e-02
1.544000e+00 2.724708e-02
1.544000e+00 2.703113e-02
1.544000e+00 2.678279e-02
1.544000e+00 2.649719e-02
1.544000e+00 2.616875e-02
1.544000e+00 2.579105e-02
1.544000e+00 2.535670e-02
1.544000e+00 2.485719e-02
1.544000e+00 2.428275e-02
1.544000e+00 2.362215e-02
1.544000e+00 2.286246e-02
1.544000e+00 2.198881e-02
1.544000e+00 2.098412e-02
1.544000e+00 1.982873e-02
1.544000e+00 1.850002e-02
1.544000e+00 1.697201e-02
1.544000e+00 1.521480e-02
1.544000e+00 1.319400e-02
1.544000e+00 1.087009e-02
1.544000e+00 8.197588e-03
1.544000e+00 5.124212e-03
1.544000e+00 1.589830e-03
1.544000e+00 -2.474710e-03
1.544000e+00 -7.148930e-03
1.544000e+00 -1.252428e-02
1.544000e+00 -1.870594e-02
1.544000e+00 -2.581485e-02
1.544000e+00 -3.399009e-02
1.544000e+00 -4.339161e-02
1.544000e+00 -5.420337e-02
1.544000e+00 -6.663689e-02
1.544000e+00 -8.093544e-02
1.544000e+00 -9.737877e-02
1.544000e+00 -1.162886e-01
1.544000e+00 -1.380349e-01
1.544000e+00 -1.630431e-01
1.544000e+00 -1.918026e-01
1.989000e+00 5.183129e-02
1.989000e+00 5.185783e-02
1.989000e+00 5.188835e-02
1.989000e+00 5.192345e-02
1.989000e+00 5.196381e-02
1.989000e+00 5.201023e-02
1.989000e+00 5.206361e-02
1.989000e+00 5.212500e-02
1.989000e+00 5.219559e-02
1.989000e+00 5.227678e-02
1.989000e+00 5.237014e-02
1.989000e+00 5.247751e-02
1.989000e+00 5.260098e-02
1.989000e+00 5.274297e-02
1.989000e+00 5.290626e-02
1.989000e+00 5.309404e-02
1.989000e+00 5.331000e-02
1.989000e+00 5.355834e-02
1.989000e+00 5.384394e-02
1.989000e+00 5.417237e-02
1.989000e+00 5.455007e-02
1.989000e+00 5.498443e-02
1.989000e+00 5.548394e-02
1.989000e+00 5.605837e-02
1.989000e+00 5.671898e-02
1.989000e+00 5.747867e-02
1.989000e+00 5.835231e-02
1.989000e+00 5.935700e-02
1.989000e+00 6.051240e-02
1.989000e+00 6.184111e-02
1.989000e+00 6.336912e-02
1.989000e+00 6.512633e-02
1.989000e+00 6.714712e-02
1.989000e+00 6.947104e-02
1.989000e+00 7.214354e-02
1.989000e+00 7.521691e-02
1.989000e+00 7.875130e-02
1.989000e+00 8.281584e-02
1.989000e+00 8.749006e-02
1.989000e+00 9.286541e-02
1.989000e+00 9.904707e-02
1.989000e+00 1.061560e-01
1.989000e+00 1.143312e-01
1.989000e+00 1.237327e-01
1.989000e+00 1.345445e-01
1.989000e+00 1.469780e-01
1.989000e+00 1.612766e-01
1.989000e+00 1.777199e-01
1.989000e+00 1.966297e-01
1.989000e+00 2.183760e-01
1.989000e+00 2.433843e-01
1.989000e+00 2.721438e-01
1.989000e+00 5.180475e-02
1.989000e+00 5.177423e-02
1.989000e+00 5.173914e-02
1.989000e+00 5.169877e-02
1.989000e+00 5.165236e-02
1.989000e+00 5.159898e-02
1.989000e+00 5.153759e-02
1.989000e+00 5.146699e-02
1.989000e+00 5.138581e-02
1.989000e+00 5.129245e-02
1.989000e+00 5.118508e-02
1.989000e+00 5.106161e-02
1.989000e+00 5.091962e-02
1.989000e+00 5.075633e-02
1.989000e+00 5.056854e-02
1.989000e+00 5.035259e-02
1.989000e+00 5.010425e-02
1.989000e+00 4.981865e-02
1.989000e+00 4.949022e-02
1.989000e+00 4.911251e-02
1.989000e+00 4.867816e-02
1.989000e+00 4.817865e-02
1.989000e+00 4.760421e-02
1.989000e+00 4.694361e-02
1.989000e+00 4.618392e-02
1.989000e+00 4.531028e-02
1.989000e+00 4.430558e-02
1.989000e+00 4.315019e-02
1.989000e+00 4.182148e-02
1.989000e+00 4.029347e-02
1.989000e+00 3.853626e-02
1.989000e+00 3.651546e-02
1.989000e+00 3.419155e-02
1.989000e+00 3.151905e-02
1.989000e+00 2.844567e-02
1.989000e+00 2.491129e-02
1.989000e+00 2.084675e-02
1.989000e+00 1.617253e-02
1.989000e+00 1.079718e-02
1.989000e+00 4.615521e-03
1.989000e+00 -2.493384e-03
1.989000e+00 -1.066862e-02
1.989000e+00 -2.007015e-02
1.989000e+00 -3.088191e-02
1.989000e+00 -4.331543e-02
1.989000e+00 -5.761398e-02
1.989000e+00 -7.405730e-02
1.989000e+00 -9.296713e-02
1.989000e+00 -1.147134e-01
1.989000e+00 -1.397217e-01
1.989000e+00 -1.684812e-01
2.433000e+00 7.510035e-02
2.433000e+00 7.512689e-02
2.433000e+00 7.515741e-02
2.433000e+00 7.519251e-02
2.433000e+00 7.523287e-02
2.433000e+00 7.527929e-02
2.433000e+00 7.533267e-02
2.433000e+00 7.539405e-02
2.433000e+00 7.546465e-02
2.433000e+00 7.554583e-02
2.433000e+00 7.563919e-02
2.433000e+00 7.574656e-02
2.433000e+00 7.587003e-02
2.433000e+00 7.601202e-02
2.433000e+00 7.617531e-02
2.433000e+00 7.636310e-02
2.433000e+00 7.657905e-02
2.433000e+00 7.682739e-02
2.433000e+00 7.711299e-02
2.433000e+00 7.744143e-02
2.433000e+00 7.781913e-02
2.433000e+00 7.825348e-02
2.433000e+00 7.875299e-02
2.433000e+00 7.932743e-02
2.433000e+00 7.998803e-02
2.433000e+00 8.074772e-02
2.433000e+00 8.162137e-02
2.433000e+00 8.262606e-02
2.433000e+00 8.378145e-02
2.433000e+00 8.511016e-02
2.433000e+00 8.663817e-02
2.433000e+00 8.839538e-02
2.433000e+00 9.041618e-02
2.433000e+00 9.274009e-02
2.433000e+00 9.541259e-02
2.433000e+00 9.848597e-02
2.433000e+00 1.020203e-01
2.433000e+00 1.060849e-01
2.433000e+00 1.107591e-01
2.433000e+00 1.161345e-01
2.433000e+00 1.223161e-01
2.433000e+00 1.294250e-01
2.433000e+00 1.376003e-01
2.433000e+00 1.470018e-01
2.433000e+00 1.578135e-01
2.433000e+00 1.702471e-01
2.433000e+00 1.845456e-01
2.433000e+00 2.009889e-01
2.433000e+00 2.198988e-01
2.433000e+00 2.416451e-01
2.433000e+00 2.666533e-01
2.433000e+00 2.954128e-01
2.433000e+00 7.507381e-02
2.433000e+00 7.504329e-02
2.433000e+00 7.500819e-02
2.433000e+00 7.496783e-02
2.433000e+00 7.492141e-02
2.433000e+00 7.486803e-02
2.433000e+00 7.480664e-02
2.433000e+00 7.473605e-02
2.433000e+00 7.465486e-02
2.433000e+00 7.456150e-02
2.433000e+00 7.445414e-02
2.433000e+00 7.433066e-02
2.433000e+00 7.418867e-02
2.433000e+00 7.402538e-02
2.433000e+00 7.383760e-02
2.433000e+00 7.362165e-02
2.433000e+00 7.337330e-02
2.433000e+00 7.308771e-02
2.433000e+00 7.275927e-02
2.433000e+00 7.238157e-02
2.433000e+00 7.194721e-02
2.433000e+00 7.144770e-02
2.433000e+00 7.087327e-02
2.433000e+00 7.021267e-02
2.433000e+00 6.945297e-02
2.433000e+00 6.857933e-02
2.433000e+00 6.757464e-02
2.433000e+00 6.641924e-02
2.433000e+00 6.509054e-02
2.433000e+00 6.356253e-02
2.433000e+00 6.180531e-02
2.433000e+00 5.978452e-02
2.433000e+00 5.746060e-02
2.433000e+00 5.478810e-02
2.433000e+00 5.171473e-02
2.433000e+00 4.818035e-02
2.433000e+00 4.411581e-02
2.433000e+00 3.944159e-02
2.433000e+00 3.406623e-02
2.433000e+00 2.788458e-02
2.433000e+00 2.077567e-02
2.433000e+00 1.260043e-02
2.433000e+00 3.198902e-03
2.433000e+00 -7.612854e-03
2.433000e+00 -2.004637e-02
2.433000e+00 -3.434492e-02
2.433000e+00 -5.078825e-02
2.433000e+00 -6.969808e-02
2.433000e+00 -9.144438e-02
2.433000e+00 -1.164526e-01
2.433000e+00 -1.452121e-01
2.878000e+00 9.842181e-02
2.878000e+00 9.844835e-02
2.878000e+00 9.847887e-02
2.878000e+00 9.851397e-02
2.878000e+00 9.855433e-02
2.878000e+00 9.860075e-02
2.878000e+00 9.865413e-02
2.878000e+00 9.871551e-02
2.878000e+00 9.878611e-02
2.878000e+00 9.886729e-02
2.878000e+00 9.896066e-02
2.878000e+00 9.906802e-02
2.878000e+00 9.919149e-02
2.878000e+00 9.933348e-02
2.878000e+00 9.949678e-02
2.878000e+00 9.968456e-02
2.878000e+00 9.990051e-02
2.878000e+00 1.001489e-01
2.878000e+00 1.004345e-01
2.878000e+00 1.007629e-01
2.878000e+00 1.011406e-01
2.878000e+00 1.015749e-01
2.878000e+00 1.020745e-01
2.878000e+00 1.026489e-01
2.878000e+00 1.033095e-01
2.878000e+00 1.040692e-01
2.878000e+00 1.049428e-01
2.878000e+00 1.059475e-01
2.878000e+00 1.071029e-01
2.878000e+00 1.084316e-01
2.878000e+00 1.099596e-01
2.878000e+00 1.117168e-01
2.878000e+00 1.137376e-01
2.878000e+00 1.160616e-01
2.878000e+00 1.187341e-01
2.878000e+00 1.218074e-01
2.878000e+00 1.253418e-01
2.878000e+00 1.294064e-01
2.878000e+00 1.340806e-01
2.878000e+00 1.394559e-01
2.878000e+00 1.456376e-01
2.878000e+00 1.527465e-01
2.878000e+00 1.609217e-01
2.878000e+00 1.703233e-01
2.878000e+00 1.811350e-01
2.878000e+00 1.935685e-01
2.878000e+00 2.078671e-01
2.878000e+00 2.243104e-01
2.878000e+00 2.432202e-01
2.878000e+00 2.649665e-01
2.878000e+00 2.899748e-01
2.878000e+00 3.187343e-01
2.878000e+00 9.839527e-02
2.878000e+00 9.836475e-02
2.878000e+00 9.832965e-02
2.878000e+00 9.828929e-02
2.878000e+00 9.824287e-02
2.878000e+00 9.818949e-02
2.878000e+00 9.812810e-02
2.878000e+00 9.805751e-02
2.878000e+00 9.797633e-02
2.878000e+00 9.788296e-02
2.878000e+00 9.777560e-02
2.878000e+00 9.765213e-02
2.878000e+00 9.751013e-02
2.878000e+00 9.734684e-02
2.878000e+00 9.715906e-02
2.878000e+00 9.694311e-02
2.878000e+00 9.669476e-02
2.878000e+00 9.640917e-02
2.878000e+00 9.608073e-02
2.878000e+00 9.570303e-02
2.878000e+00 9.526867e-02
2.878000e+00 9.476917e-02
2.878000e+00 9.419473e-02
2.878000e+00 9.353413e-02
2.878000e+00 9.277444e-02
2.878000e+00 9.190079e-02
2.878000e+00 9.089610e-02
2.878000e+00 8.974070e-02
2.878000e+00 8.841200e-02
2.878000e+00 8.688399e-02
2.878000e+00 8.512677e-02
2.878000e+00 8.310598e-02
2.878000e+00 8.078207e-02
2.878000e+00 7.810957e-02
2.878000e+00 7.503619e-02
2.878000e+00 7.150181e-02
2.878000e+00 6.743727e-02
2.878000e+00 6.276305e-02
2.878000e+00 5.738769e-02
2.878000e+00 5.120604e-02
2.878000e+00 4.409713e-02
2.878000e+00 3.592189e-02
2.878000e+00 2.652036e-02
2.878000e+00 1.570861e-02
2.878000e+00 3.275088e-03
2.878000e+00 -1.102346e-02
2.878000e+00 -2.746679e-02
2.878000e+00 -4.637662e-02
2.878000e+00 -6.812292e-02
2.878000e+00 -9.313117e-02
2.878000e+00 -1.218907e-01
3.322000e+00 1.216909e-01
3.322000e+00 1.217174e-01
3.322000e+00 1.217479e-01
3.322000e+00 1.217830e-01
3.322000e+00 1.218234e-01
3.322000e+00 1.218698e-01
3.322000e+00 1.219232e-01
3.322000e+00 1.219846e-01
3.322000e+00 1.220552e-01
3.322000e+00 1.221363e-01
3.322000e+00 1.222297e-01
3.322000e+00 1.223371e-01
3.322000e+00 1.224605e-01
3.322000e+00 1.226025e-01
3.322000e+00 1.227658e-01
3.322000e+00 1.229536e-01
3.322000e+00 1.231696e-01
3.322000e+00 1.234179e-01
3.322000e+00 1.237035e-01
3.322000e+00 1.240319e-01
3.322000e+00 1.244096e-01
3.322000e+00 1.248440e-01
3.322000e+00 1.253435e-01
3.322000e+00 1.259179e-01
3.322000e+00 1.265785e-01
3.322000e+00 1.273382e-01
3.322000e+00 1.282119e-01
3.322000e+00 1.292166e-01
3.322000e+00 1.303720e-01
3.322000e+00 1.317007e-01
3.322000e+00 1.332287e-01
3.322000e+00 1.349859e-01
3.322000e+00 1.370067e-01
3.322000e+00 1.393306e-01
3.322000e+00 1.420031e-01
3.322000e+00 1.450765e-01
3.322000e+00 1.486109e-01
3.322000e+00 1.526754e-01
3.322000e+00 1.573496e-01
3.322000e+00 1.627250e-01
3.322000e+00 1.689066e-01
3.322000e+00 1.760155e-01
3.322000e+00 1.841908e-01
3.322000e+00 1.935923e-01
3.322000e+00 2.044041e-01
3.322000e+00 2.168376e-01
3.322000e+00 2.311361e-01
3.322000e+00 2.475795e-01
3.322000e+00 2.664893e-01
3.322000e+00 2.882356e-01
3.322000e+00 3.132438e-01
3.322000e+00 3.420033e-01
3.322000e+00 1.216643e-01
3.322000e+00 1.216338e-01
3.322000e+00 1.215987e-01
3.322000e+00 1.215583e-01
3.322000e+00 1.215119e-01
3.322000e+00 1.214585e-01
3.322000e+00 1.213972e-01
3.322000e+00 1.213266e-01
3.322000e+00 1.212454e-01
3.322000e+00 1.211520e-01
3.322000e+00 1.210447e-01
3.322000e+00 1.209212e-01
3.322000e+00 1.207792e-01
3.322000e+00 1.206159e-01
3.322000e+00 1.204281e-01
3.322000e+00 1.202122e-01
3.322000e+00 1.199638e-01
3.322000e+00 1.196782e-01
3.322000e+00 1.193498e-01
3.322000e+00 1.189721e-01
3.322000e+00 1.185377e-01
3.322000e+00 1.180382e-01
3.322000e+00 1.174638e-01
3.322000e+00 1.168032e-01
3.322000e+00 1.160435e-01
3.322000e+00 1.151698e-01
3.322000e+00 1.141652e-01
3.322000e+00 1.130098e-01
3.322000e+00 1.116811e-01
3.322000e+00 1.101530e-01
3.322000e+00 1.083958e-01
3.322000e+00 1.063750e-01
3.322000e+00 1.040511e-01
3.322000e+00 1.013786e-01
3.322000e+00 9.830524e-02
3.322000e+00 9.477086e-02
3.322000e+00 9.070632e-02
3.322000e+00 8.603210e-02
3.322000e+00 8.065675e-02
3.322000e+00 7.447509e-02
3.322000e+00 6.736619e-02
3.322000e+00 5.919094e-02
3.322000e+00 4.978942e-02
3.322000e+00 3.897766e-02
3.322000e+00 2.654414e-02
3.322000e+00 1.224559e-02
3.322000e+00 -4.197735e-03
3.322000e+00 -2.310756e-02
3.322000e+00 -4.485387e-02
3.322000e+00 -6.986212e-02
3.322000e+00 -9.862160e-02
3.767000e+00 1.450123e-01
3.767000e+00 1.450389e-01
3.767000e+00 1.450694e-01
3.767000e+00 1.451045e-01
3.767000e+00 1.451448e-01
3.767000e+00 1.451913e-01
3.767000e+00 1.452446e-01
3.767000e+00 1.453060e-01
3.767000e+00 1.453766e-01
3.767000e+00 1.454578e-01
3.767000e+00 1.455512e-01
3.767000e+00 1.456585e-01
3.767000e+00 1.457820e-01
3.767000e+00 1.459240e-01
3.767000e+00 1.460873e-01
3.767000e+00 1.462751e-01
3.767000e+00 1.464910e-01
3.767000e+00 1.467394e-01
3.767000e+00 1.470250e-01
3.767000e+00 1.473534e-01
3.767000e+00 1.477311e-01
3.767000e+00 1.481655e-01
3.767000e+00 1.486650e-01
3.767000e+00 1.492394e-01
3.767000e+00 1.499000e-01
3.767000e+00 1.506597e-01
3.767000e+00 1.515333e-01
3.767000e+00 1.525380e-01
3.767000e+00 1.536934e-01
3.767000e+00 1.550221e-01
3.767000e+00 1.565501e-01
3.767000e+00 1.583074e-01
3.767000e+00 1.603282e-01
3.767000e+00 1.626521e-01
3.767000e+00 1.653246e-01
3.767000e+00 1.683979e-01
3.767000e+00 1.719323e-01
3.767000e+00 1.759969e-01
3.767000e+00 1.806711e-01
3.767000e+00 1.860464e-01
3.767000e+00 1.922281e-01
3.767000e+00 1.993370e-01
3.767000e+00 2.075122e-01
3.767000e+00 2.169138e-01
3.767000e+00 2.277255e-01
3.767000e+00 2.401590e-01
3.767000e+00 2.544576e-01
3.767000e+00 2.709009e-01
3.767000e+00 2.898108e-01
3.767000e+00 3.115571e-01
3.767000e+00 3.365653e-01
3.767000e+00 3.653248e-01
3.767000e+00 1.449858e-01
3.767000e+00 1.449553e-01
3.767000e+00 1.449202e-01
3.767000e+00 1.448798e-01
3.767000e+00 1.448334e-01
3.767000e+00 1.447800e-01
3.767000e+00 1.447186e-01
3.767000e+00 1.446480e-01
3.767000e+00 1.445668e-01
3.767000e+00 1.444735e-01
3.767000e+00 1.443661e-01
3.767000e+00 1.442426e-01
3.767000e+00 1.441007e-01
3.767000e+00 1.439374e-01
3.767000e+00 1.437496e-01
3.767000e+00 1.435336e-01
3.767000e+00 1.432853e-01
3.767000e+00 1.429997e-01
3.767000e+00 1.426712e-01
3.767000e+00 1.422935e-01
3.767000e+00 1.418592e-01
3.767000e+00 1.413597e-01
3.767000e+00 1.407852e-01
3.767000e+00 1.401246e-01
3.767000e+00 1.393650e-01
3.767000e+00 1.384913e-01
3.767000e+00 1.374866e-01
3.767000e+00 1.363312e-01
3.767000e+00 1.350025e-01
3.767000e+00 1.334745e-01
3.767000e+00 1.317173e-01
3.767000e+00 1.296965e-01
3.767000e+00 1.273726e-01
3.767000e+00 1.247001e-01
3.767000e+00 1.216267e-01
3.767000e+00 1.180923e-01
3.767000e+00 1.140278e-01
3.767000e+00 1.093536e-01
3.767000e+00 1.039782e-01
3.767000e+00 9.779655e-02
3.767000e+00 9.068765e-02
3.767000e+00 8.251241e-02
3.767000e+00 7.311088e-02
3.767000e+00 6.229912e-02
3.767000e+00 4.986560e-02
3.767000e+00 3.556706e-02
3.767000e+00 1.912373e-02
3.767000e+00 2.138978e-04
3.767000e+00 -2.153241e-02
3.767000e+00 -4.654065e-02
3.767000e+00 -7.530014e-02
-4.000000e-01 0
-4.000000e-01 2.653928e-05
-4.000000e-01 5.705945e-05
-4.000000e-01 9.215764e-05
-4.000000e-01 1.325206e-04
-4.000000e-01 1.789379e-04
-4.000000e-01 2.323179e-04
-4.000000e-01 2.937049e-04
-4.000000e-01 3.642999e-04
-4.000000e-01 4.454841e-04
-4.000000e-01 5.388460e-04
-4.000000e-01 6.462122e-04
-4.000000e-01 7.696833e-04
-4.000000e-01 9.116751e-04
-4.000000e-01 1.074966e-03
-4.000000e-01 1.262750e-03
-4.000000e-01 1.478701e-03
-4.000000e-01 1.727046e-03
-4.000000e-01 2.012642e-03
-4.000000e-01 2.341078e-03
-4.000000e-01 2.718779e-03
-4.000000e-01 3.153135e-03
-4.000000e-01 3.652644e-03
-4.000000e-01 4.227080e-03
-4.000000e-01 4.887682e-03
-4.000000e-01 5.647373e-03
-4.000000e-01 6.521018e-03
-4.000000e-01 7.525710e-03
-4.000000e-01 8.681106e-03
-4.000000e-01 1.000981e-02
-4.000000e-01 1.153782e-02
-4.000000e-01 1.329503e-02
-4.000000e-01 1.531583e-02
-4.000000e-01 1.763974e-02
-4.000000e-01 2.031224e-02
-4.000000e-01 2.338562e-02
-4.000000e-01 2.692000e-02
-4.000000e-01 3.098454e-02
-4.000000e-01 3.565876e-02
-4.000000e-01 4.103412e-02
-4.000000e-01 4.721577e-02
-4.000000e-01 5.432468e-02
-4.000000e-01 6.249992e-02
-4.000000e-01 7.190145e-02
-4.000000e-01 8.271320e-02
-4.000000e-01 9.514672e-02
-4.000000e-01 1.094453e-01
-4.000000e-01 1.258886e-01
-4.000000e-01 1.447984e-01
-4.000000e-01 1.665447e-01
-4.000000e-01 1.915530e-01
-4.000000e-01 2.203125e-01
-4.000000e-01 -2.653928e-05
-4.000000e-01 -5.705945e-05
-4.000000e-01 -9.215764e-05
-4.000000e-01 -1.325206e-04
-4.000000e-01 -1.789379e-04
-4.000000e-01 -2.323179e-04
-4.000000e-01 -2.937049e-04
-4.000000e-01 -3.642999e-04
-4.000000e-01 -4.454841e-04
-4.000000e-01 -5.388460e-04
-4.000000e-01 -6.462122e-04
-4.000000e-01 -7.696833e-04
-4.000000e-01 -9.116751e-04
-4.000000e-01 -1.074966e-03
-4.000000e-01 -1.262750e-03
-4.000000e-01 -1.478701e-03
-4.000000e-01 -1.727046e-03
-4.000000e-01 -2.012642e-03
-4.000000e-01 -2.341078e-03
-4.000000e-01 -2.718779e-03
-4.000000e-01 -3.153135e-03
-4.000000e-01 -3.652644e-03
-4.000000e-01 -4.227080e-03
-4.000000e-01 -4.887682e-03
-4.000000e-01 -5.647373e-03
-4.000000e-01 -6.521018e-03
-4.000000e-01 -7.525710e-03
-4.000000e-01 -8.681106e-03
-4.000000e-01 -1.000981e-02
-4.000000e-01 -1.153782e-02
-4.000000e-01 -1.329503e-02
-4.000000e-01 -1.531583e-02
-4.000000e-01 -1.763974e-02
-4.000000e-01 -2.031224e-02
-4.000000e-01 -2.338562e-02
-4.000000e-01 -2.692000e-02
-4.000000e-01 -3.098454e-02
-4.000000e-01 -3.565876e-02
-4.000000e-01 -4.103412e-02
-4.000000e-01 -4.721577e-02
-4.000000e-01 -5.432468e-02
-4.000000e-01 -6.249992e-02
-4.000000e-01 -7.190145e-02
-4.000000e-01 -8.271320e-02
-4.000000e-01 -9.514672e-02
-4.000000e-01 -1.094453e-01
-4.000000e-01 -1.258886e-01
-4.000000e-01 -1.447984e-01
-4.000000e-01 -1.665447e-01
-4.000000e-01 -1.915530e-01
-4.000000e-01 -2.203125e-01
-6.000000e-01 0
-6.000000e-01 2.653928e-05
-6.000000e-01 5.705945e-05
-6.000000e-01 9.215764e-05
-6.000000e-01 1.325206e-04
-6.000000e-01 1.789379e-04
-6.000000e-01 2.323179e-04
-6.000000e-01 2.937049e-04
-6.000000e-01 3.642999e-04
-6.000000e-01 4.454841e-04
-6.000000e-01 5.388460e-04
-6.000000e-01 6.462122e-04
-6.000000e-01 7.696833e-04
-6.000000e-01 9.116751e-04
-6.000000e-01 1.074966e-03
-6.000000e-01 1.262750e-03
-6.000000e-01 1.478701e-03
-6.000000e-01 1.727046e-03
-6.000000e-01 2.012642e-03
-6.000000e-01 2.341078e-03
-6.000000e-01 2.718779e-03
-6.000000e-01 3.153135e-03
-6.000000e-01 3.652644e-03
-6.000000e-01 4.227080e-03
-6.000000e-01 4.887682e-03
-6.000000e-01 5.647373e-03
-6.000000e-01 6.521018e-03
-6.000000e-01 7.525710e-03
-6.000000e-01 8.681106e-03
-6.000000e-01 1.000981e-02
-6.000000e-01 1.153782e-02
-6.000000e-01 1.329503e-02
-6.000000e-01 1.531583e-02
-6.000000e-01 1.763974e-02
-6.000000e-01 2.031224e-02
-6.000000e-01 2.338562e-02
-6.000000e-01 2.692000e-02
-6.000000e-01 3.098454e-02
-6.000000e-01 3.565876e-02
-6.000000e-01 4.103412e-02
-6.000000e-01 4.721577e-02
-6.000000e-01 5.432468e-02
-6.000000e-01 6.249992e-02
-6.000000e-01 7.190145e-02
-6.000000e-01 8.271320e-02
-6.000000e-01 9.514672e-02
-6.000000e-01 1.094453e-01
-6.000000e-01 1.258886e-01
-6.000000e-01 1.447984e-01
-6.000000e-01 1.665447e-01
-6.000000e-01 1.915530e-01
-6.000000e-01 2.203125e-01
-6.000000e-01 -2.653928e-05
-6.000000e-01 -5.705945e-05
-6.000000e-01 -9.215764e-05
-6.000000e-01 -1.325206e-04
-6.000000e-01 -1.789379e-04
-6.000000e-01 -2.323179e-04
-6.000000e-01 -2.937049e-04
-6.000000e-01 -3.642999e-04
-6.000000e-01 -4.454841e-04
-6.000000e-01 -5.388460e-04
-6.000000e-01 -6.462122e-04
-6.000000e-01 -7.696833e-04
-6.000000e-01 -9.116751e-04
-6.000000e-01 -1.074966e-03
-6.000000e-01 -1.262750e-03
-6.000000e-01 -1.478701e-03
-6.000000e-01 -1.727046e-03
-6.000000e-01 -2.012642e-03
-6.000000e-01 -2.341078e-03
-6.000000e-01 -2.718779e-03
-6.000000e-01 -3.153135e-03
-6.000000e-01 -3.652644e-03
-6.000000e-01 -4.227080e-03
-6.000000e-01 -4.887682e-03
-6.000000e-01 -5.647373e-03
-6.000000e-01 -6.521018e-03
-6.000000e-01 -7.525710e-03
-6.000000e-01 -8.681106e-03
-6.000000e-01 -1.000981e-02
-6.000000e-01 -1.153782e-02
-6.000000e-01 -1.329503e-02
-6.000000e-01 -1.531583e-02
-6.000000e-01 -1.763974e-02
-6.000000e-01 -2.031224e-02
-6.000000e-01 -2.338562e-02
-6.000000e-01 -2.692000e-02
-6.000000e-01 -3.098454e-02
-6.000000e-01 -3.565876e-02
-6.000000e-01 -4.103412e-02
-6.000000e-01 -4.721577e-02
-6.000000e-01 -5.432468e-02
-6.000000e-01 -6.249992e-02
-6.000000e-01 -7.190145e-02
-6.000000e-01 -8.271320e-02
-6.000000e-01 -9.514672e-02
-6.000000e-01 -1.094453e-01
-6.000000e-01 -1.258886e-01
-6.000000e-01 -1.447984e-01
-6.000000e-01 -1.665447e-01
-6.000000e-01 -1.915530e-01
-6.000000e-01 -2.203125e-01
